100 9 18
41 40 93 65 82 56 59 54 69 86 42 69 93 64 77 65 42 40 34 47 47 95 33 37 61 35 97 86 41 47 62 40 42 95 33 43 35 54 87 50 39 46 87 93 67 49 52 78 90 41 100 38 94 81 48 47 82 71 68 32 60 38 77 70 77 88 63 81 98 92 40 30 60 99 42 64 53 49 93 45 38 63 77 73 90 58 91 83 76 35 43 31 45 54 100 70 58 32 95 74
33 13 15
0 2 10 18 23 28 32 33 34 35 40 42 44 51 57 59 61 64 67 69 72 73 74 79 82 83 84 87 90 91 95 97 99
56 9 16
1 2 3 4 6 9 10 13 14 15 16 17 18 19 20 21 22 23 24 25 26 28 32 36 39 42 44 48 53 56 57 60 61 62 63 64 65 67 68 72 73 75 76 80 83 84 86 88 89 90 91 93 94 95 96 97
30 6 31
0 2 6 7 8 12 14 23 26 28 29 30 33 40 47 48 53 54 55 56 57 61 63 69 76 80 85 87 91 97
22 10 11
2 3 4 8 11 15 17 23 29 34 46 52 53 54 56 70 73 78 79 94 95 99
49 11 15
0 1 6 8 9 10 15 19 21 22 23 24 25 31 33 34 35 36 37 39 41 42 43 45 46 48 49 55 56 58 61 63 64 66 68 70 71 72 75 78 82 83 84 85 91 93 94 95 99
40 7 15
6 10 20 21 25 28 29 30 32 33 37 38 43 44 46 47 48 51 52 53 54 56 58 59 62 64 70 71 73 76 77 83 87 91 92 93 94 97 98 99
40 4 28
3 4 11 12 15 19 21 22 25 30 34 35 36 38 39 41 42 43 48 49 50 52 53 57 59 60 62 66 69 71 72 74 75 78 80 84 89 94 96 97
58 13 23
0 1 3 4 5 6 8 12 16 17 19 20 21 23 26 29 31 32 33 36 37 38 40 41 42 48 49 52 53 54 57 58 59 60 63 64 66 69 70 72 73 75 76 79 80 81 84 85 86 87 91 92 93 94 95 97 98 99
60 12 26
2 5 6 7 8 11 12 13 14 18 21 22 24 26 27 29 30 31 34 36 37 38 39 40 42 43 44 47 48 49 50 53 54 56 58 60 61 62 63 65 66 68 69 71 72 73 75 77 79 80 84 85 86 87 90 91 95 96 97 98