150 8 10
86 82 110 60 82 47 84 45 55 144 91 93 65 97 48 100 55 98 63 89 48 93 33 107 134 38 97 70 143 116 147 91 132 143 48 88 40 135 69 149 41 88 36 100 30 62 122 148 149 42 92 74 31 83 32 119 129 144 114 86 35 59 106 95 32 101 67 41 101 140 41 116 98 75 135 31 150 114 132 67 70 132 87 131 56 68 62 80 119 42 132 34 43 79 69 119 143 48 148 131 36 61 83 84 130 121 149 100 79 125 104 65 134 86 52 57 40 125 73 145 72 50 65 131 98 129 39 35 44 31 148 119 118 98 101 118 69 76 126 74 139 44 106 57 41 91 86 104 145 65
44 8 19
2 9 15 25 28 31 34 35 36 38 40 45 47 48 49 52 54 62 64 66 68 84 85 87 88 93 96 100 105 107 109 112 114 115 118 120 124 125 127 129 131 133 148 149
65 5 28
7 8 9 15 16 19 23 24 25 27 28 32 35 36 37 40 41 44 45 47 52 53 54 57 59 60 62 63 64 66 67 68 69 73 75 77 80 82 83 84 90 92 93 99 101 102 106 109 111 115 117 118 123 124 127 129 130 131 134 137 139 144 147 148 149
37 9 29
10 11 21 22 26 28 30 35 37 40 45 47 48 52 53 54 58 76 79 83 85 86 88 94 98 100 104 112 117 119 121 122 134 137 140 148 149
66 4 29
1 2 3 6 7 8 9 10 13 14 15 16 19 20 21 22 23 25 27 28 33 37 39 43 49 53 54 55 59 60 62 66 67 68 70 73 75 83 85 89 91 92 93 94 98 100 103 104 106 110 112 113 115 119 120 125 126 131 132 134 136 137 139 140 143 146
32 10 35
0 9 12 13 16 18 26 33 48 51 54 55 64 66 69 70 72 77 91 93 97 99 105 108 112 115 116 117 121 124 126 127
48 12 20
1 4 8 10 14 23 27 28 33 34 35 36 42 44 45 47 50 61 67 70 71 73 76 77 81 83 88 90 92 94 97 98 103 105 109 113 117 120 124 128 130 131 134 136 138 145 147 149
46 8 36
2 8 15 17 18 23 24 25 26 31 34 35 45 52 54 55 58 72 74 76 77 78 80 81 85 90 92 93 94 96 102 107 109 119 121 122 124 128 129 132 133 135 137 141 142 149
45 11 34
2 3 5 9 12 14 15 24 26 27 31 33 46 49 52 53 55 58 63 71 76 77 79 89 90 92 95 96 99 101 103 106 108 111 115 116 121 132 133 136 138 143 144 145 146