500 14 18
169 79 137 234 56 140 295 298 267 67 114 98 54 214 66 261 279 129 178 99 258 135 290 292 50 105 211 226 123 138 169 191 230 121 249 267 225 231 60 125 234 94 63 190 88 257 80 188 125 214 222 204 285 174 228 65 242 233 227 259 283 117 273 102 226 79 165 185 52 96 278 91 272 280 56 285 142 226 251 157 96 184 289 296 284 257 288 284 246 80 291 224 150 91 177 55 266 198 57 169 118 128 61 66 273 223 210 217 218 284 215 102 185 91 288 111 169 249 71 103 219 174 64 252 105 107 99 103 162 91 61 98 229 57 156 182 167 265 188 157 109 182 61 129 278 285 79 183 111 79 212 88 79 127 225 121 106 78 58 102 289 211 173 85 203 206 124 89 159 262 238 130 202 112 187 242 197 224 156 204 171 228 224 232 102 227 89 269 147 59 222 76 193 89 185 145 242 188 155 191 50 261 251 136 52 229 159 103 218 185 88 181 120 277 225 177 222 269 109 228 255 287 167 81 112 282 136 122 159 62 132 156 92 101 100 192 276 190 184 52 174 222 263 121 68 276 113 265 271 133 131 207 270 244 61 70 91 245 167 112 185 272 214 269 195 121 208 228 170 173 129 239 220 58 129 151 210 210 90 158 194 79 196 103 165 270 223 203 71 255 68 243 297 190 228 235 97 257 207 183 82 126 149 187 159 166 159 227 213 201 184 58 101 86 230 288 137 57 231 299 289 217 112 87 231 209 92 83 156 163 290 135 153 195 188 120 124 187 277 178 279 72 155 227 286 236 88 55 248 70 175 92 57 130 204 270 261 286 105 169 64 191 296 81 93 132 72 189 143 232 169 100 199 257 256 178 228 234 155 188 198 79 296 50 71 155 115 202 110 87 70 153 288 161 61 103 277 265 125 254 93 54 130 60 71 133 180 123 265 101 186 184 249 240 130 137 120 112 130 240 292 237 52 300 106 208 221 147 129 182 155 230 136 190 157 279 122 205 208 117 260 128 229 277 233 284 148 93 129 190 196 290 87 61 287 163 81 281 188 253 130 222 272 165 261 281 219 76 292 172 289 109 175 295 101 231 238 279 266 227 201 143 155 179 143 165 191 271 105 108 244 204 169 266 213 222 211 198 153 58
166 14 38
1 2 4 6 15 19 20 23 24 28 31 32 34 40 43 47 48 57 60 63 65 68 73 74 83 84 88 90 93 95 98 100 101 105 109 116 129 130 133 134 136 138 143 146 148 153 155 157 158 159 161 165 167 178 179 180 186 187 191 195 197 203 205 207 211 214 215 216 219 221 222 223 225 233 234 236 240 241 243 249 253 254 261 262 264 266 268 270 272 275 282 285 286 288 290 295 296 304 305 306 309 311 313 314 321 326 327 333 335 336 338 343 346 350 351 352 355 358 360 361 362 371 378 379 381 386 389 392 396 397 398 399 402 403 404 407 408 412 415 424 425 428 429 434 435 437 440 441 442 450 457 458 466 468 471 473 480 485 491 492 493 494 495 496 497 498
84 8 33
0 7 14 16 21 22 28 36 40 42 45 51 53 57 68 76 78 79 80 82 86 90 95 96 110 112 119 125 137 142 146 158 163 164 176 181 192 209 211 220 228 230 240 241 248 263 270 277 284 287 298 300 302 305 325 329 333 337 339 342 351 363 366 386 388 390 392 398 417 425 434 440 441 442 443 451 454 456 461 465 469 481 486 497
62 16 66
11 20 71 73 84 94 97 102 110 114 120 122 130 140 154 159 160 167 171 180 184 185 189 199 218 234 244 245 265 267 273 277 281 284 292 293 304 306 307 310 325 332 334 338 350 364 367 369 373 385 388 411 434 435 438 448 454 456 458 460 463 474
113 8 58
1 10 13 17 35 36 40 45 46 48 60 65 66 68 70 73 74 77 78 89 104 111 113 115 122 123 135 136 152 155 160 162 163 166 172 176 178 181 197 200 201 211 213 217 218 220 222 223 226 233 235 239 240 248 252 257 264 273 275 280 290 293 297 298 299 300 303 309 312 317 319 320 327 332 334 336 337 340 346 356 361 368 369 372 374 382 387 390 394 398 400 404 408 415 421 425 431 440 444 445 458 460 461 470 473 480 483 485 489 491 493 496 499
177 13 30
0 6 13 14 16 17 18 21 23 26 29 32 33 35 42 44 46 49 51 54 56 59 68 75 76 77 81 82 83 84 86 87 89 92 96 97 103 104 109 114 116 119 125 126 132 134 135 136 137 140 142 144 146 147 150 153 157 162 164 165 169 172 173 175 178 180 184 188 191 192 195 197 198 200 203 210 215 216 221 223 225 229 231 235 242 243 246 250 255 256 257 259 263 264 273 278 282 288 294 295 296 299 300 306 314 315 318 320 321 323 325 326 330 332 334 339 342 343 347 351 352 355 359 361 364 365 368 369 379 380 383 386 387 388 389 390 391 393 395 402 412 413 417 418 420 425 427 429 436 440 442 443 444 445 446 450 451 453 458 459 460 468 469 470 471 475 478 479 483 484 486 488 489 491 492 498 499
73 6 34
10 18 19 21 42 49 54 60 62 72 90 99 106 112 139 140 155 156 159 162 163 173 174 182 195 209 211 220 222 225 228 237 240 243 247 252 266 276 282 293 300 315 320 324 327 328 339 344 366 376 379 382 385 386 387 393 404 407 418 420 425 433 439 442 444 453 480 482 483 484 490 491 499
112 16 26
1 6 15 16 26 28 31 38 39 41 42 47 51 54 58 68 74 76 78 80 82 87 94 109 111 124 126 127 129 133 139 144 148 149 158 163 164 168 176 178 182 185 192 199 201 207 208 218 220 222 228 230 234 235 238 253 261 264 265 273 276 285 296 297 300 301 306 310 312 313 317 320 326 327 342 350 355 361 369 374 378 380 382 385 386 391 392 394 396 401 412 417 419 426 431 432 439 442 444 446 450 452 455 463 464 467 468 472 481 483 484 495
156 8 77
6 9 14 22 23 24 26 27 29 32 35 39 42 50 55 58 65 73 74 75 78 80 94 96 103 104 108 110 111 112 114 121 128 130 135 137 138 145 147 151 154 155 160 165 166 177 182 188 192 193 201 202 203 204 213 215 218 222 230 231 232 234 236 237 241 242 244 246 248 249 252 257 264 265 266 273 274 277 278 279 281 287 288 289 290 292 293 300 304 305 307 313 315 317 318 323 328 333 334 338 342 344 347 349 353 354 356 357 360 365 378 384 385 386 391 399 400 401 403 405 406 409 412 414 415 417 420 422 424 432 436 437 439 440 442 443 445 447 450 451 458 469 472 473 474 475 477 479 484 486 489 492 493 495 498 499
169 16 35
10 12 13 14 18 19 20 21 24 25 30 33 36 38 41 42 49 52 53 61 69 71 75 76 80 81 82 83 84 87 88 89 90 98 101 102 103 104 114 115 120 121 123 128 133 134 135 136 138 140 143 145 149 152 154 163 168 169 171 172 173 174 177 183 184 185 187 189 191 201 203 204 210 213 219 222 225 227 228 233 234 240 245 247 252 262 264 265 266 267 268 271 272 273 276 281 282 284 285 286 292 295 296 298 304 305 308 310 312 314 316 318 320 332 337 338 343 349 352 353 358 363 364 367 369 370 374 376 381 383 385 386 387 391 392 394 396 398 399 401 402 404 405 413 416 418 419 420 421 423 427 431 433 447 453 455 457 462 465 468 470 475 479 486 490 491 494 495 499
97 16 21
6 8 22 23 24 26 28 29 35 40 43 49 60 61 68 97 99 102 110 114 119 120 123 125 133 146 147 149 162 163 178 183 187 193 202 204 205 206 209 212 221 233 238 239 243 251 257 258 262 263 270 282 283 285 287 291 296 322 327 329 333 340 342 348 349 360 371 372 373 383 386 399 400 402 403 406 413 417 419 421 423 435 436 438 448 451 456 467 468 471 478 479 482 484 487 498 499
135 9 32
3 10 12 16 18 33 35 36 45 48 52 54 63 67 79 84 85 86 93 94 99 102 105 106 110 117 128 129 131 132 133 135 136 140 149 159 160 161 163 166 175 178 179 183 192 198 199 200 206 209 210 214 215 216 219 223 224 239 240 244 252 253 254 257 261 267 269 272 273 274 276 280 281 285 287 290 293 295 297 301 304 306 309 312 319 325 327 329 330 338 346 350 352 353 359 362 364 369 371 376 379 384 387 395 397 401 402 405 408 409 411 413 418 419 428 433 438 441 443 446 447 454 461 463 471 473 476 482 488 489 491 495 496 497 498
88 12 26
0 3 11 13 15 21 22 31 33 40 64 70 71 81 89 108 110 119 122 123 128 135 148 157 158 163 167 182 185 189 192 193 196 199 200 208 209 211 212 219 220 227 232 235 238 240 241 264 274 288 289 298 313 314 315 317 321 324 328 338 339 343 344 345 346 353 356 364 369 372 374 375 379 387 389 390 403 409 418 429 441 445 454 477 492 494 498 499
186 6 51
1 2 4 12 13 15 16 19 24 28 37 44 51 52 54 59 61 64 66 70 71 72 76 77 84 85 91 93 96 99 102 105 108 109 110 114 117 121 122 126 128 129 130 131 134 138 139 142 143 145 146 148 149 152 154 157 158 177 178 179 180 182 184 186 189 190 191 193 195 203 204 205 215 218 219 220 221 223 224 225 229 232 237 238 240 244 247 248 250 252 254 256 258 265 266 274 276 280 282 288 289 290 291 294 295 296 297 301 307 309 311 312 318 320 322 325 334 335 337 341 343 344 350 352 353 354 358 363 364 365 367 368 373 379 382 383 385 386 388 394 395 396 398 400 405 407 408 411 413 414 415 422 428 429 430 431 432 434 436 440 441 443 445 447 450 452 454 458 459 462 464 465 466 469 478 479 481 482 484 485 486 488 492 494 498 499
155 6 43
5 7 10 11 25 28 29 32 33 40 43 44 45 47 48 49 51 54 58 61 64 65 68 82 84 88 89 90 94 95 105 106 109 110 119 125 133 135 137 143 151 153 160 162 169 170 174 175 178 192 193 196 197 198 202 205 206 209 213 220 223 231 232 233 234 237 240 241 247 248 249 264 265 266 268 275 276 277 285 287 288 293 297 298 299 302 305 306 310 311 313 317 318 320 323 326 328 331 333 334 341 349 352 357 362 364 370 371 372 374 375 378 381 382 384 386 390 393 394 396 404 407 408 414 415 416 419 421 423 424 426 430 431 436 439 440 447 450 451 454 465 466 474 476 477 478 481 485 486 487 494 495 496 497 499