60 6 6
10 18 43 47 37 60 24 45 44 56 13 14 32 59 15 37 9 37 25 21 51 22 18 35 7 55 41 31 44 20 9 47 19 29 32 44 5 51 51 25 27 34 13 54 60 46 55 25 48 24 55 31 10 47 54 37 54 27 28 19
30 4 8
1 2 4 5 6 7 10 12 13 15 16 17 19 20 21 24 25 26 29 31 33 36 38 41 42 47 50 52 56 57
19 4 10
1 6 7 9 10 13 15 16 21 30 34 36 38 40 44 47 51 55 56
30 2 4
0 5 8 10 11 15 16 18 22 23 24 26 27 30 31 32 38 39 40 42 43 45 46 49 50 51 54 55 58 59
25 4 5
3 4 5 6 7 8 12 13 21 23 24 25 28 29 32 35 38 39 42 47 48 49 50 51 54
27 4 3
2 4 7 8 10 13 15 18 20 21 23 24 25 27 30 31 32 37 40 41 46 47 52 53 55 56 59
15 3 8
0 3 5 6 15 26 27 29 38 41 42 45 52 57 59