80 7 9
20 42 68 31 33 24 39 64 60 27 63 61 43 40 30 46 67 11 31 37 28 74 69 42 18 25 65 17 40 20 45 65 34 20 78 26 79 39 12 61 41 40 37 47 71 51 38 75 22 56 52 40 75 68 36 42 10 66 26 45 55 73 16 20 52 24 59 31 24 12 27 63 51 31 78 61 71 80 67 51
32 4 6
0 6 8 10 14 19 21 22 25 26 27 29 30 32 40 41 44 49 53 55 61 64 67 68 69 70 71 72 75 76 78 79
14 6 12
5 10 12 13 17 23 28 31 36 42 53 71 73 77
10 5 15
2 19 22 32 33 43 45 54 75 78
10 2 7
18 25 29 32 35 40 46 64 66 68
22 4 5
0 1 6 7 13 22 25 34 37 39 47 49 50 51 53 58 59 64 67 69 71 79
19 2 7
2 3 5 6 8 11 16 17 21 24 34 37 41 53 56 66 73 75 79
38 5 12
1 2 4 5 7 8 10 14 16 17 20 23 24 28 29 31 33 34 35 36 38 39 42 47 49 51 54 55 61 63 65 69 71 72 73 75 77 78