90 6 11
47 60 61 59 16 32 33 15 78 63 21 53 58 73 51 72 29 68 39 66 17 42 54 40 90 52 44 57 81 78 37 18 39 41 24 89 67 38 36 28 79 52 76 48 66 30 36 26 80 16 80 74 60 18 69 28 39 29 16 67 15 81 58 74 21 83 83 25 43 79 65 40 85 50 40 59 60 83 84 64 38 36 49 34 33 25 27 55 26 59
37 6 18
0 2 9 10 11 16 20 21 23 24 26 27 29 34 36 39 40 42 49 51 52 57 61 62 63 68 69 71 72 76 77 79 81 82 86 88 89
32 7 10
1 2 3 5 11 15 18 22 28 29 32 37 39 40 44 46 47 48 50 51 55 56 57 58 63 68 69 72 75 79 81 88
18 3 6
1 3 13 18 21 25 26 32 33 41 46 54 58 61 79 80 82 83
15 6 15
0 4 9 10 15 16 18 24 27 32 33 63 69 81 88
33 5 15
0 2 3 4 6 8 10 11 13 20 22 23 27 30 32 40 47 51 53 56 58 63 65 68 70 75 79 80 82 85 86 88 89
20 3 5
1 6 8 9 10 14 15 16 22 26 29 31 34 62 67 68 75 76 77 84