95 5 12
43 37 94 21 57 52 60 28 84 53 50 68 63 75 53 60 62 44 20 74 23 66 63 92 61 58 44 26 33 56 84 20 33 54 23 33 90 63 35 63 46 82 20 28 69 41 64 55 58 43 69 44 84 43 24 89 94 65 90 21 49 29 73 33 65 47 27 66 57 52 69 56 32 69 73 50 94 30 58 72 73 88 64 22 38 63 63 43 70 62 81 86 54 38 60
36 6 20
1 2 5 12 14 15 17 18 19 23 26 31 32 33 34 35 40 51 53 55 57 58 61 64 66 68 71 74 75 79 81 85 87 88 91 92
40 5 18
2 5 8 9 10 11 12 14 15 16 18 21 23 28 33 36 38 40 41 44 45 50 51 52 54 56 58 59 63 64 68 69 71 73 74 76 86 89 92 94
44 8 9
0 6 7 8 9 12 13 15 18 23 25 27 29 31 33 34 36 38 39 44 45 46 49 50 59 60 61 64 65 67 68 70 71 72 75 77 78 81 83 84 85 86 89 90
49 3 12
2 3 5 6 9 10 11 13 14 15 17 18 21 23 26 27 28 29 30 32 36 37 39 40 41 43 44 47 49 50 51 52 54 60 61 62 63 67 68 69 73 75 76 78 79 80 81 86 91
20 5 12
5 7 11 17 23 25 26 27 29 33 36 47 49 55 65 74 85 87 92 93