99 7 16
63 34 95 96 56 55 41 30 98 56 77 91 57 80 65 37 39 30 79 84 55 36 98 45 69 80 74 45 49 81 70 43 100 77 85 33 71 59 65 81 54 72 33 49 89 72 94 31 77 71 96 75 38 63 45 63 73 81 33 73 43 92 40 100 93 51 95 72 81 78 68 36 69 73 54 55 31 59 99 71 42 48 72 83 97 79 41 100 54 55 33 98 76 57 74 71 36 43 39
47 5 17
0 1 2 7 8 9 10 11 16 17 19 21 22 24 26 29 30 31 32 42 43 44 46 50 54 55 59 60 62 64 65 66 67 70 71 72 76 77 79 82 83 84 89 91 93 94 95
35 9 17
1 8 14 15 17 18 22 25 27 29 30 37 39 40 44 47 49 50 52 56 62 63 65 66 68 69 72 75 77 80 83 90 94 96 97
23 12 23
3 8 12 15 19 21 22 23 26 27 32 34 40 41 43 56 64 74 75 76 81 90 91
43 6 25
1 2 6 9 11 12 17 19 21 27 29 33 35 36 37 39 42 43 44 45 46 48 50 51 57 58 60 62 64 68 73 77 78 79 80 81 83 84 85 90 91 95 96
48 11 18
0 1 6 7 9 10 13 14 15 17 18 20 24 26 29 31 32 33 34 35 38 40 41 42 47 48 49 50 51 53 58 60 62 64 66 68 69 72 73 76 78 86 88 89 90 95 96 97
47 10 11
0 1 6 9 10 11 13 19 22 24 25 26 28 31 32 34 35 37 41 43 44 45 47 48 52 54 56 63 68 69 70 71 74 76 80 81 83 86 87 88 89 90 92 94 95 96 97
45 11 21
0 1 5 10 11 16 17 18 22 29 31 36 38 43 44 45 46 48 49 54 55 57 59 61 62 63 64 66 68 71 72 74 75 76 77 78 80 81 82 83 87 89 90 91 92