34 20 40
153 156 466 284 243 154 492 255 394 29 91 319 287 377 316 317 426 311 255 46 235 440 192 389 369 99 309 174 76 343 126 138 285 129
7 6 16
1 4 5 8 27 29 31
26 6 31
0 1 2 4 5 6 7 8 9 10 11 12 15 18 20 22 23 24 25 26 27 29 30 31 32 33
31 8 96
0 1 2 3 4 6 7 8 9 10 11 12 13 14 15 16 17 18 19 20 22 23 24 25 26 27 28 30 31 32 33
21 2 43
2 4 5 6 9 12 14 15 16 17 18 19 20 21 22 24 26 29 30 32 33
15 10 58
5 7 8 9 10 11 14 17 19 21 24 25 26 29 33
12 8 87
3 7 14 15 17 20 25 27 28 29 32 33
21 13 53
0 1 2 5 7 8 9 11 15 16 17 19 20 22 23 25 27 28 30 31 32
15 1 73
1 6 8 10 15 22 23 24 25 26 28 29 30 31 33
14 5 24
1 7 10 12 13 14 17 18 19 21 23 25 27 30
28 9 9
0 1 3 4 5 6 7 8 9 10 11 12 13 14 15 17 18 20 21 22 24 25 26 29 30 31 32 33
25 4 93
1 3 4 5 6 7 9 10 11 13 14 17 18 19 20 21 22 23 24 25 26 28 29 31 33
29 15 4
0 1 2 3 4 5 6 7 8 9 10 11 12 13 14 15 16 17 19 20 21 24 26 27 29 30 31 32 33
10 7 55
2 5 6 7 8 9 23 27 28 31
17 11 79
0 1 2 4 5 8 12 14 18 22 24 25 27 28 29 30 32
23 12 32
1 2 3 4 5 9 10 11 13 15 16 17 20 21 22 23 25 26 27 29 31 32 33
22 15 97
1 2 3 4 7 9 10 11 12 15 16 17 19 20 21 22 23 24 28 29 30 32
19 3 91
0 1 2 5 6 9 11 12 14 16 17 22 23 24 25 28 29 30 31
8 10 20
0 1 2 3 5 7 20 25
8 6 72
0 7 14 18 21 23 27 31
9 9 64
6 12 16 18 21 24 25 28 33