11
17 11
1400 2339 1101 788 1252 1293 496 970 2489 3253 686
51 12
42 85 2435 4025 339 450 571 401 385 86 474 695
32 14
4163 1240 2329 2101 925 2254 2146 1981 2023 911 1990 2506 2348 1989
71 10
2997 2999 2849 3004 2695 3022 2566 2995 4960 2781
86 15
803 944 1523 1654 933 889 142 882 2360 1725 1641 833 1907 1534 919
81 15
1896 43 1448 1200 1360 1007 1258 1680 418 1205 1576 1308 16 1342 3188
9 11
303 690 1353 1609 4972 905 2014 1582 1292 647 765
70 13
1370 2480 1321 101 2810 1119 1494 1361 264 37 564 1452 1480
8 11
1656 1648 1653 2203 1678 2917 1774 1733 1720 1659 1883
4 5
1390 1782 1278 124 4962
89 5
347 1715 4489 838 1600