300 11 20
186 52 61 54 71 55 46 65 150 52 42 65 194 197 119 186 71 165 175 84 126 40 105 175 193 50 76 77 115 173 135 109 160 155 105 67 81 188 47 124 53 139 105 111 166 70 198 91 87 90 44 79 42 81 95 63 40 58 121 166 41 49 200 153 157 85 189 83 103 71 55 49 73 76 139 162 189 121 172 59 69 132 93 78 77 107 140 49 142 176 155 143 127 50 119 184 149 149 44 96 92 175 67 115 152 57 200 101 80 124 120 97 141 48 95 71 85 111 80 144 121 76 46 128 184 164 168 75 86 198 45 143 40 149 90 189 48 190 41 180 172 161 43 77 169 45 138 85 104 92 182 168 195 53 180 150 79 96 151 97 134 129 174 153 80 51 145 187 88 128 151 111 112 148 192 58 49 94 157 160 81 81 120 103 198 170 50 121 147 113 167 82 51 50 148 197 144 197 71 171 164 66 190 89 128 100 141 41 124 112 149 80 46 90 64 98 181 143 126 181 80 143 200 87 46 162 174 146 180 127 118 52 64 43 102 58 108 54 196 155 151 101 104 149 167 191 163 156 88 97 157 64 91 95 118 116 155 81 195 58 79 160 155 66 103 50 95 191 120 72 158 175 139 42 189 132 47 199 41 200 47 117 82 84 78 117 190 54 158 66 70 113 44 64 149 190 194 151 128 122
144 17 60
0 4 5 6 7 9 10 14 15 16 18 19 20 21 23 25 26 31 32 33 34 35 36 42 43 44 47 49 50 53 54 55 67 70 71 72 74 75 76 77 81 82 83 85 86 88 89 90 92 93 94 95 97 98 100 102 104 106 107 108 111 114 115 116 119 120 121 127 128 131 134 135 137 139 146 147 148 153 154 157 159 161 162 163 165 169 174 176 177 178 180 183 186 189 190 192 194 197 199 202 207 208 209 211 215 220 221 223 227 228 229 231 232 234 236 240 241 242 247 248 249 250 251 252 253 257 260 261 262 265 267 268 273 274 276 280 281 287 290 292 293 294 296 299
82 13 49
6 8 9 12 14 17 21 23 27 28 30 35 41 43 45 46 51 55 56 57 61 73 74 78 79 80 84 88 90 97 100 102 110 115 116 118 119 122 129 130 134 136 140 142 144 146 147 150 154 164 167 174 176 177 178 181 183 193 194 195 197 200 204 217 219 234 238 243 249 250 251 269 270 271 272 273 285 287 291 293 296 298
131 16 42
2 3 4 5 6 7 8 12 16 19 21 22 26 27 29 35 39 44 46 48 49 51 52 54 58 63 64 68 71 72 75 76 77 79 83 84 86 87 92 98 99 101 102 107 108 109 110 113 118 120 121 122 124 126 127 129 130 133 138 139 140 142 146 148 149 151 154 156 161 164 165 170 172 176 178 179 181 188 191 192 193 199 201 203 209 210 212 213 214 216 217 220 221 224 230 231 232 234 237 238 239 241 243 244 246 248 249 250 253 254 256 257 259 261 263 265 266 267 273 277 278 279 280 282 283 284 285 289 290 291 296
61 18 58
1 6 15 32 33 34 36 38 40 45 46 52 53 61 64 71 80 85 86 87 90 97 98 99 104 116 117 121 128 129 132 140 148 150 163 166 167 169 172 174 175 180 186 191 200 201 204 206 215 224 232 234 239 244 249 250 263 264 271 287 289
131 18 21
0 2 4 11 15 16 17 23 25 33 37 38 49 52 55 60 62 68 69 72 73 75 76 78 79 81 82 86 87 88 93 94 96 97 105 108 109 110 111 112 114 117 118 119 122 124 126 131 132 133 135 137 139 140 141 142 145 156 157 158 161 162 164 166 168 170 172 173 174 178 179 182 183 184 186 187 193 195 199 200 201 203 204 205 208 209 212 213 214 215 216 217 219 221 224 225 228 233 234 239 242 244 245 246 248 249 252 253 254 255 256 258 259 261 262 264 265 266 267 269 270 271 279 284 285 287 290 293 296 297 298
80 5 16
2 4 8 11 19 20 23 27 32 35 37 44 48 60 70 78 90 93 95 96 103 109 114 118 120 122 126 128 132 133 135 137 144 147 151 158 168 170 174 175 176 178 183 186 190 193 196 198 200 202 205 207 215 217 219 225 226 227 235 237 239 240 241 242 245 252 263 266 275 276 277 278 280 284 285 288 290 294 295 296
81 10 16
14 17 20 21 25 28 31 34 38 45 47 50 51 53 54 72 74 75 76 80 82 83 88 90 92 93 96 97 100 102 109 112 114 125 148 150 153 157 162 167 169 172 175 186 187 194 199 202 207 213 214 215 219 222 225 229 231 233 234 236 237 239 243 247 248 249 258 259 268 270 272 273 278 279 283 284 290 291 293 294 299
54 17 45
4 7 9 13 23 25 42 52 80 81 88 92 93 95 105 108 112 115 117 118 122 128 136 138 145 147 158 161 162 168 171 172 177 188 199 203 205 211 215 219 227 238 243 245 246 260 271 274 277 282 289 291 293 299
137 16 50
2 3 4 5 7 12 13 15 17 19 20 21 22 23 25 26 31 32 33 34 37 41 46 47 48 51 52 53 54 56 57 60 61 64 65 66 68 69 75 76 77 78 80 89 90 93 94 97 99 100 103 104 105 109 110 115 116 117 118 119 126 127 130 131 132 133 134 136 137 138 142 147 150 151 152 153 154 159 160 161 164 167 168 174 176 177 179 181 185 186 189 191 192 196 197 198 199 203 209 212 221 222 224 226 228 229 230 233 235 236 237 238 239 243 245 250 251 254 257 260 261 262 263 267 268 270 272 275 276 278 285 287 289 291 294 295 299
61 16 41
4 8 18 23 24 26 31 36 39 45 48 53 78 79 81 106 107 108 113 115 118 119 126 131 132 134 138 140 146 147 154 158 161 167 172 188 191 197 199 203 206 209 219 225 231 233 235 236 239 240 254 257 262 265 274 275 276 278 283 287 292
139 6 33
0 4 10 12 13 16 21 22 24 26 27 29 30 31 32 34 36 37 39 40 45 47 48 49 50 51 54 59 60 62 63 67 70 72 73 77 78 80 81 85 86 89 91 93 96 98 102 104 107 108 109 110 116 117 123 126 128 129 132 133 134 135 137 138 139 140 144 145 148 149 151 152 156 158 159 163 165 166 167 168 169 170 173 174 175 177 178 179 182 185 187 195 196 197 202 205 207 208 210 211 214 215 216 218 220 221 222 223 224 225 227 229 232 237 238 240 241 251 253 255 259 262 264 265 272 273 275 277 282 283 284 285 288 291 292 296 297 298 299