70 8 7
20 69 41 30 22 69 62 43 49 61 30 15 62 17 53 15 54 11 56 39 57 35 28 55 42 28 43 11 18 21 41 65 51 69 62 10 28 20 22 46 32 63 11 61 66 63 47 42 11 64 26 50 53 26 35 37 22 65 41 25 39 21 30 22 16 70 25 53 69 34
33 2 7
1 2 4 6 8 12 15 17 21 22 23 24 29 32 33 34 35 39 40 42 45 49 50 52 54 55 57 59 61 63 67 68 69
20 2 11
3 12 16 17 18 35 36 39 40 42 43 45 46 48 50 56 59 61 66 68
31 3 9
0 3 4 10 11 13 17 18 20 24 27 28 32 36 38 39 40 41 42 43 51 55 56 57 60 62 63 64 65 66 67
28 4 11
0 5 8 11 12 14 16 19 21 24 26 30 31 32 34 35 40 41 42 44 51 54 56 58 59 64 65 68
26 2 12
0 9 11 15 16 18 19 23 25 26 27 29 39 41 43 45 49 50 58 60 62 64 66 67 68 69
20 4 12
5 8 12 13 14 15 20 22 23 24 32 36 39 40 46 48 58 60 62 65
9 2 12
2 6 9 13 21 39 42 51 68
25 5 7
0 6 8 12 16 19 21 24 26 27 30 34 37 41 43 51 52 53 58 60 62 63 65 67 68