750 20 14
100 320 191 146 313 114 344 343 377 378 99 98 133 184 293 364 120 260 101 358 150 269 275 154 102 156 325 168 101 252 393 125 199 111 225 120 185 323 218 250 244 362 228 102 396 103 208 256 68 341 190 238 303 229 306 306 194 267 342 363 388 365 270 148 234 77 235 169 197 366 131 114 378 171 63 66 220 98 371 260 334 308 295 132 325 365 123 211 138 266 345 228 399 108 227 339 234 160 381 375 126 286 342 390 164 336 90 99 354 375 173 92 196 335 102 395 61 392 259 236 139 381 317 366 246 103 198 81 244 200 272 244 364 173 132 225 258 392 220 237 70 378 198 390 181 379 111 161 241 331 257 96 371 276 400 268 255 122 197 284 340 159 113 156 60 251 247 337 375 356 264 252 379 264 171 247 218 394 161 326 341 361 101 146 225 176 128 125 287 240 378 64 151 61 172 212 102 238 216 60 179 335 121 299 370 289 391 398 399 289 318 117 133 308 203 225 74 383 179 211 368 63 279 178 354 146 260 348 211 259 311 324 370 264 360 207 368 60 378 256 317 70 276 171 290 362 206 219 253 187 151 382 168 83 373 319 61 217 375 195 374 263 335 111 369 156 304 147 160 352 206 99 295 271 143 125 151 289 115 129 239 255 349 205 156 79 298 213 359 235 87 384 60 151 377 342 130 104 332 308 124 372 243 61 219 375 238 253 274 243 213 397 348 263 99 164 80 337 274 219 171 175 117 311 167 320 248 185 385 387 205 248 278 174 309 226 131 266 280 359 292 159 382 330 307 98 102 373 152 79 160 65 218 111 235 352 114 137 278 292 271 82 189 296 147 296 96 221 372 212 207 296 359 318 116 230 389 399 157 284 269 101 173 338 114 314 182 145 323 210 262 230 334 247 208 398 218 249 162 339 157 387 85 214 108 397 127 335 300 130 286 64 108 154 85 146 296 328 63 203 206 115 75 61 116 196 176 178 341 76 288 210 363 104 202 363 98 210 275 206 390 225 295 160 261 391 123 145 303 320 69 232 309 225 358 128 373 106 179 131 364 111 181 223 140 354 375 94 340 183 364 279 75 360 187 118 277 73 336 71 379 215 135 154 327 177 373 76 190 78 183 243 232 185 88 226 220 142 357 368 267 192 335 120 397 130 127 294 170 314 201 367 238 363 77 193 127 287 184 123 81 327 183 133 334 139 392 61 60 386 100 82 297 269 171 226 85 209 151 292 142 129 256 83 228 395 309 334 155 384 247 317 111 268 127 309 232 219 61 104 262 63 323 167 167 167 107 98 383 131 160 173 67 330 326 123 319 167 64 301 376 225 227 234 377 280 166 200 129 274 309 262 260 155 299 371 113 91 285 359 213 389 85 289 105 207 158 135 90 164 140 262 136 329 185 276 144 140 113 270 98 329 270 362 92 381 377 76 302 214 343 212 251 294 134 303 341 285 62 291 380 325 222 168 199 116 318 97 381 258 307 240 382 306 245 333 263 155 372 175 122 81 215 297 118 325 233 266 374 121 343 331 251 180 228 336 125 174 284 173 237 112 367 131 288 240 394 299 182 168 106 297 287 254 396 325 71 372 209 358 67 157 209 69 289 204 303 206 173 395 196 373 78 223 123 184 195 152 384 233 242 120 210 176 384 398 201 271 189 152 127 202 253 350 225 339 154 287 177 384 317 78 94 386 250 88 244 236 333 128
134 6 91
3 7 22 24 34 35 41 61 62 68 70 77 78 80 92 97 103 106 114 120 131 146 167 172 173 176 193 197 199 202 203 205 209 212 213 214 218 219 226 236 247 250 266 267 268 274 287 298 308 315 318 332 354 367 372 373 374 375 378 386 393 400 411 416 424 425 428 447 449 450 453 454 455 456 465 467 468 472 473 474 477 484 486 490 494 495 496 497 498 500 504 506 508 513 516 517 521 523 529 535 539 542 553 559 567 581 591 592 595 599 621 627 628 629 632 644 647 656 657 659 664 666 668 672 676 690 698 701 711 719 727 730 735 745
137 11 28
0 1 6 7 12 13 15 16 20 23 27 30 32 33 34 36 43 51 54 56 59 63 68 69 76 77 80 87 88 92 94 97 98 102 106 107 113 115 127 129 131 136 148 162 175 178 187 191 200 212 213 224 234 235 243 249 250 259 264 266 268 280 288 291 300 301 311 312 316 321 327 330 342 345 346 363 370 377 394 403 412 424 429 430 435 439 442 447 454 455 460 465 469 470 471 475 476 478 488 499 502 505 518 521 531 542 547 549 556 557 568 569 573 588 598 599 610 622 644 648 659 662 667 670 677 678 679 684 689 698 701 702 714 717 732 737 740
125 15 50
2 6 11 35 47 57 58 61 63 65 79 81 83 86 98 101 104 112 113 116 121 137 141 143 144 147 154 156 157 166 175 188 195 203 215 236 239 240 244 249 257 259 284 292 297 310 313 316 318 333 335 339 341 350 354 359 366 370 371 382 395 398 399 409 416 431 432 447 457 462 466 482 484 491 492 502 503 504 508 512 516 525 528 536 541 547 554 558 568 569 578 580 585 588 590 594 595 597 599 600 601 604 609 615 621 639 641 645 653 661 666 669 670 678 680 688 689 702 704 710 712 720 726 736 744
151 20 43
0 4 12 18 24 26 27 29 30 42 50 51 52 59 65 69 99 113 116 121 128 130 132 134 135 138 140 144 163 166 167 168 171 173 178 191 199 201 210 215 216 218 231 237 239 245 246 257 285 286 287 310 344 345 350 355 370 379 384 391 392 397 399 400 404 412 415 418 420 422 423 426 428 430 431 434 437 439 440 448 449 454 458 461 463 469 470 479 482 492 494 495 498 504 515 521 522 529 531 536 541 542 551 552 553 558 562 563 566 573 574 584 591 592 593 597 602 604 610 612 613 616 617 632 635 645 647 652 655 657 660 666 677 678 682 683 688 691 702 707 708 714 715 716 718 722 731 735 738 743 744
289 22 34
2 3 4 9 12 14 16 19 20 22 23 28 31 33 34 37 40 47 51 52 53 54 56 57 58 60 63 68 69 72 74 75 82 83 87 88 89 90 92 94 95 98 99 101 102 103 104 108 112 113 114 115 119 121 124 126 130 132 135 139 140 145 147 148 151 164 165 166 174 175 181 187 192 193 194 195 199 200 205 206 207 208 214 215 218 219 220 224 226 227 230 235 236 240 242 243 251 253 254 257 258 261 263 264 265 269 272 273 278 291 294 295 297 300 301 303 308 309 311 318 320 322 323 324 325 327 328 329 331 333 336 339 343 345 346 347 352 353 358 359 360 361 362 375 383 388 389 394 397 398 399 400 404 405 407 409 410 411 412 414 417 418 421 422 423 424 428 430 434 435 436 448 452 454 455 464 467 470 471 472 474 475 477 480 484 487 489 490 492 493 495 497 502 503 509 511 512 516 517 522 523 529 530 535 536 537 539 540 543 545 546 549 552 555 556 559 565 568 572 574 578 579 580 586 589 590 592 593 597 600 601 602 603 604 605 606 608 612 616 623 624 625 628 632 633 636 637 638 642 645 650 651 652 656 657 658 662 664 669 671 673 679 685 688 691 692 693 694 696 697 701 703 705 706 709 712 713 716 718 722 727 730 738 741 744 745 746 748 749
176 15 29
1 7 8 12 13 17 21 22 27 35 36 39 40 42 51 52 57 58 61 63 64 67 70 77 79 80 81 85 91 104 108 114 119 120 126 129 131 135 137 140 144 146 147 149 152 160 167 169 174 175 181 186 189 196 208 215 216 225 227 229 232 233 236 238 240 244 252 256 265 273 277 278 280 281 285 287 312 317 318 319 323 327 341 343 346 353 365 373 379 391 394 402 404 414 417 419 421 425 427 430 434 436 437 440 447 449 456 462 471 472 475 478 482 483 493 497 498 499 509 510 511 512 513 516 518 520 521 523 524 531 538 544 545 548 551 552 574 579 584 588 596 602 604 605 613 625 626 630 638 640 641 643 650 651 655 658 659 666 667 670 689 691 694 697 699 707 717 719 723 726 727 729 735 737 742 748
149 16 81
1 4 6 10 25 31 34 36 38 39 43 44 48 58 64 72 78 84 86 88 98 107 109 125 129 132 136 139 143 161 163 165 169 179 193 194 206 207 220 221 224 225 229 231 240 243 244 246 252 254 255 258 260 266 273 277 280 283 285 287 289 295 298 308 323 328 331 334 342 350 354 356 362 367 371 376 384 393 411 415 423 427 434 436 439 442 443 455 458 464 468 474 481 490 509 511 515 535 542 547 549 551 553 564 565 567 568 571 574 575 579 581 583 584 586 587 589 593 617 622 625 629 631 647 651 654 655 659 664 671 673 674 677 688 695 697 698 702 716 717 718 720 732 737 738 743 744 746 748
165 7 90
1 3 7 10 18 21 22 37 44 48 49 56 58 59 65 80 83 96 97 103 109 110 112 120 121 123 129 146 150 152 158 161 165 170 175 182 193 195 197 198 199 201 204 206 209 227 230 234 237 238 243 246 252 256 259 261 268 277 279 284 287 289 291 299 303 306 310 316 317 324 325 329 332 337 343 345 347 349 352 356 357 358 360 373 375 376 382 386 387 390 391 395 402 404 411 413 415 424 432 437 441 444 447 453 457 464 470 472 476 480 483 487 491 493 497 500 502 506 508 509 513 517 519 521 525 527 544 555 565 568 569 573 578 582 583 590 591 593 599 607 618 621 626 629 633 643 650 652 655 656 659 663 689 694 705 710 713 718 719 725 730 733 742 745 748
164 10 28
5 12 14 20 24 36 39 41 46 49 50 54 61 64 66 70 73 90 91 92 105 108 109 110 111 117 120 123 124 132 137 139 144 146 150 151 152 158 166 171 172 176 180 182 183 187 189 198 201 212 218 219 224 227 231 234 242 245 251 263 268 280 291 304 309 310 312 314 317 319 323 324 327 329 338 363 364 369 370 373 380 384 393 403 404 407 410 418 420 421 422 424 427 430 438 439 444 459 463 477 485 491 492 493 497 500 502 507 508 509 512 513 514 519 520 527 530 532 537 538 543 548 560 565 569 572 575 576 581 588 591 593 599 603 610 613 618 619 627 628 631 636 649 652 653 669 677 678 680 690 693 696 699 701 704 709 718 723 726 731 734 742 743 749
121 14 33
3 10 11 17 19 20 21 23 28 32 35 50 71 73 88 89 95 96 113 120 129 142 158 161 163 168 186 188 190 201 212 218 219 221 231 239 251 254 279 287 291 297 306 316 318 321 323 330 335 337 341 350 351 355 366 375 378 379 381 393 405 407 414 422 424 428 437 451 452 453 466 468 469 474 482 484 504 506 512 515 524 531 533 535 538 539 540 544 548 549 553 565 568 572 575 592 606 623 632 633 637 638 639 646 647 648 671 679 682 686 696 697 706 709 712 713 721 724 730 744 749
267 12 91
8 11 14 21 22 23 24 26 27 28 30 32 40 42 46 49 51 52 54 65 66 67 71 74 75 77 85 87 91 94 100 101 102 110 111 113 115 121 122 124 125 140 141 142 143 145 150 153 161 163 166 168 170 172 173 175 176 177 178 186 187 191 196 198 199 204 207 210 212 213 214 215 217 223 225 226 227 228 233 234 236 237 238 239 241 247 249 250 251 253 255 260 264 272 277 279 281 284 285 286 291 306 308 309 310 316 318 319 322 327 335 340 343 344 345 346 353 354 356 365 366 367 368 369 370 373 376 378 380 384 385 386 387 393 395 397 402 408 411 412 415 417 423 427 429 431 435 437 438 439 444 446 449 457 459 464 467 469 470 473 476 479 481 482 485 489 492 495 498 501 503 505 506 507 508 511 512 513 515 517 522 524 527 528 529 531 533 534 535 537 541 542 543 544 545 546 547 548 555 561 563 567 569 572 577 579 580 581 582 584 588 590 592 594 596 598 604 607 611 613 615 616 620 621 623 625 626 627 629 630 632 634 638 639 641 643 648 652 657 659 660 665 667 673 675 681 686 688 692 694 695 698 700 701 702 705 706 707 708 718 721 722 723 732 737 738 742
111 7 49
4 19 30 38 41 48 51 56 67 68 71 87 99 103 109 124 138 139 146 150 156 159 161 174 176 178 184 185 186 196 199 203 209 213 218 219 223 233 249 273 274 285 296 303 306 309 310 312 322 337 339 341 342 354 355 362 381 383 384 387 394 396 402 405 406 410 420 437 438 443 444 448 452 457 472 473 492 507 524 530 539 546 550 554 558 569 572 576 586 600 603 610 625 632 637 646 648 653 666 668 671 677 688 690 703 714 727 731 733 735 749
77 13 35
2 12 16 33 73 98 112 118 126 128 133 137 161 177 180 221 234 238 260 264 275 282 298 329 337 339 341 355 361 364 369 376 381 391 410 432 436 438 456 467 483 493 508 510 514 521 522 528 529 536 545 547 557 558 564 582 585 587 588 602 604 606 612 615 626 646 661 662 683 691 696 703 713 731 737 745 748
266 18 81
1 3 11 12 19 22 23 26 27 31 38 44 49 56 58 59 63 66 67 68 70 75 77 79 81 83 91 92 98 104 108 109 110 111 113 116 117 119 121 124 126 131 133 136 139 143 145 147 150 155 157 158 159 161 165 169 171 173 175 176 179 182 185 186 190 191 199 202 203 215 217 226 228 230 232 237 238 245 246 247 251 255 256 258 260 262 268 270 271 272 274 275 279 280 282 284 285 290 291 293 294 295 298 300 303 304 308 310 313 319 321 324 325 327 330 331 333 334 336 342 343 344 346 349 353 354 356 357 359 360 362 363 364 369 379 384 385 387 390 394 397 398 399 400 402 403 404 409 410 413 417 418 420 422 424 426 428 430 433 434 435 438 443 445 446 449 450 453 454 456 459 466 471 472 473 476 478 481 483 485 486 489 492 494 496 499 502 503 506 508 511 521 525 526 543 544 545 546 547 549 557 567 568 570 572 576 580 582 583 588 589 590 592 593 595 597 598 601 606 607 615 617 619 623 625 629 630 633 634 641 643 647 649 654 657 658 660 667 669 672 673 675 677 681 682 688 694 700 702 704 706 708 709 718 721 722 724 725 730 733 736 738 742 746 748 749
295 17 65
4 5 7 9 12 13 15 16 17 18 21 23 27 30 34 36 38 42 43 46 48 55 57 59 60 67 68 71 73 76 80 84 85 86 87 88 89 90 93 95 96 98 109 110 113 120 123 124 127 128 130 131 135 137 140 141 144 145 147 157 164 168 169 171 172 173 176 177 180 185 187 189 190 191 196 197 201 203 207 209 210 218 220 222 223 224 226 230 231 234 236 237 238 239 240 242 243 244 248 249 252 253 260 268 272 276 277 279 284 285 286 289 290 296 300 304 306 309 311 312 314 315 318 319 325 326 327 329 331 332 336 338 340 344 346 354 358 359 361 363 366 369 371 373 374 375 383 384 385 386 389 390 391 393 395 398 400 402 404 405 417 419 420 422 425 433 434 435 437 438 441 442 443 444 445 449 450 454 455 460 462 463 464 466 471 472 476 480 483 488 489 491 494 497 499 500 502 503 504 505 506 507 518 519 521 522 528 530 535 536 540 541 543 549 551 555 556 562 565 567 568 570 571 572 574 576 577 578 581 584 587 589 590 591 603 604 605 610 611 612 614 617 619 622 623 625 627 630 637 639 640 642 644 646 647 648 652 653 654 657 662 664 668 672 674 676 678 680 684 687 693 699 700 704 705 707 709 711 714 716 717 718 721 724 727 730 737 738 740 741 742 743 744 745 749
147 15 57
0 1 6 10 17 20 21 25 29 35 41 42 47 48 51 59 60 63 75 78 83 84 86 89 96 101 114 130 132 141 142 145 146 153 157 160 162 167 173 176 179 181 196 211 219 220 225 227 230 231 232 244 245 247 255 262 268 274 275 290 291 295 319 322 331 332 333 338 340 347 349 352 353 356 361 363 367 372 381 382 384 388 395 401 405 419 423 431 434 436 438 440 446 449 476 477 479 486 494 508 518 526 528 533 536 541 548 549 557 564 587 591 592 605 609 616 619 624 626 632 641 653 658 660 662 676 679 684 686 687 688 696 699 704 708 713 716 718 719 727 732 733 734 738 743 744 746
75 22 96
2 5 22 27 38 41 58 68 69 74 81 92 93 100 102 112 123 130 140 146 163 167 187 192 196 206 212 215 218 236 244 247 251 265 275 279 309 318 341 351 363 379 381 402 432 446 459 463 469 480 481 495 507 518 526 527 529 536 585 603 614 618 625 634 636 652 655 657 658 676 697 699 710 740 747
161 7 42
0 4 7 9 11 23 24 28 30 33 40 49 51 63 73 78 85 87 88 89 90 96 101 104 111 113 120 125 128 129 132 135 136 155 165 168 175 176 185 187 196 199 200 209 216 224 226 230 231 236 240 241 243 247 257 272 281 287 288 290 296 297 301 302 303 307 312 319 320 321 341 350 354 362 365 371 372 377 383 386 390 394 397 400 418 422 424 430 433 436 437 441 445 446 449 455 460 464 471 477 480 484 485 507 531 533 539 545 546 548 554 555 556 559 570 571 573 575 578 579 582 585 586 589 590 591 593 604 605 606 618 621 622 625 626 627 632 635 637 645 647 655 663 665 671 677 679 680 685 686 696 714 715 726 728 733 735 740 743 744 748
285 8 69
0 3 6 12 16 20 23 24 25 30 32 35 37 38 44 49 52 53 55 61 65 67 69 70 73 74 76 81 84 86 87 88 90 94 95 97 98 104 112 113 117 119 120 122 124 125 126 130 131 135 136 142 143 144 145 146 147 151 154 155 157 158 160 162 163 168 172 174 176 178 179 186 189 192 193 194 195 196 197 201 204 205 207 209 211 217 218 223 227 231 235 236 237 238 240 241 242 244 247 249 251 255 256 260 263 264 268 269 270 272 273 279 281 283 284 288 289 291 292 293 295 300 302 303 305 306 308 309 312 314 315 316 317 320 324 327 328 330 333 335 338 342 343 345 348 349 355 357 359 361 364 365 366 367 371 374 376 377 378 379 382 388 390 393 406 407 419 420 423 426 427 435 440 442 443 445 447 448 452 457 459 463 466 473 474 475 477 478 488 490 496 498 500 507 509 510 516 521 522 527 528 529 530 531 532 534 535 536 537 538 540 541 543 549 553 558 561 562 564 566 574 577 579 580 583 587 592 596 604 605 608 609 612 617 624 625 626 628 629 630 633 634 635 637 641 642 643 644 647 651 653 654 668 672 675 676 677 679 682 684 685 686 687 688 689 691 692 693 694 695 698 699 700 701 705 709 717 729 730 733 734 740 741 743 749
118 7 82
1 9 14 19 21 23 24 32 34 39 42 44 77 79 87 98 99 104 109 112 118 119 139 157 162 164 172 175 185 196 214 216 218 221 226 231 244 255 270 274 282 284 302 308 309 314 318 321 323 326 328 329 335 338 350 351 356 366 368 375 379 384 404 423 425 426 428 434 436 441 451 458 459 461 486 487 492 497 510 516 532 535 542 543 560 562 563 569 570 580 592 598 601 612 617 618 621 623 624 625 634 644 653 658 662 664 665 669 670 673 691 701 710 734 743 745 746 747