96 6 14
87 66 76 62 22 56 82 64 21 93 73 91 76 73 31 86 24 31 21 27 23 87 22 31 64 56 95 69 41 60 72 70 50 65 88 95 49 79 25 24 29 45 69 56 88 28 66 77 46 88 77 33 66 73 54 29 83 72 41 67 31 70 99 82 34 85 78 47 98 89 28 82 89 89 83 46 29 37 34 52 76 93 59 43 68 66 88 30 70 76 99 81 68 100 59 41
15 5 10
16 21 23 28 29 30 32 38 41 55 58 70 71 74 84
45 6 21
3 9 12 14 15 16 17 18 19 25 26 29 31 33 35 36 38 39 41 46 47 49 51 52 53 54 56 57 63 67 69 70 72 74 76 77 80 81 82 83 85 86 88 90 91
21 10 10
7 12 17 18 19 21 24 31 34 48 50 55 56 58 61 64 65 67 71 88 89
34 8 24
2 4 10 14 15 17 21 22 27 30 32 44 46 49 50 55 57 58 60 62 64 69 70 71 72 73 74 78 79 83 86 88 92 95
47 4 15
2 3 4 5 8 10 11 12 13 14 17 18 21 24 26 29 30 33 34 36 37 39 40 41 42 43 44 45 46 54 56 57 59 63 65 70 72 76 77 79 80 84 86 89 92 94 95
50 7 9
0 1 3 4 5 6 7 9 10 11 12 13 14 15 16 17 19 22 26 28 29 34 35 36 41 42 43 44 45 51 52 63 64 65 66 68 70 72 75 80 81 82 83 84 85 86 87 88 90 95